1 7.87944 6.6349 5.02389 3.84146 2.70554 1.3233 0.45494
2 10.59663 9.21034 7.37776 5.99146 4.60517 2.77259 1.38629
3 12.83816 11.34487 9.3484 7.81473 6.25139 4.10834 2.36597
4 14.86026 13.2767 11.14329 9.48773 7.77944 5.38527 3.35669
5 16.7496 15.08627 12.8325 11.0705 9.23636 6.62568 4.35146
6 18.54758 16.81189 14.44938 12.59159 10.64464 7.8408 5.34812
7 20.27774 18.47531 16.01276 14.06714 12.01704 9.03715 6.34581
8 21.95495 20.09024 17.53455 15.50731 13.36157 10.21885 7.34412
9 23.58935 21.66599 19.02277 16.91898 14.68366 11.38875 8.34283
10 25.18818 23.20925 20.48318 18.30704 15.98718 12.54886 9.34182
11 26.75685 24.72497 21.92005 19.67514 17.27501 13.70069 10.341
12 28.29952 26.21697 23.33666 21.02607 18.54935 14.8454 11.34032
13 29.81947 27.68825 24.7356 22.36203 19.81193 15.98391 12.33976
14 31.31935 29.14124 26.11895 23.68479 21.06414 17.11693 13.33927
15 32.80132 30.57791 27.48839 24.99579 22.30713 18.24509 14.33886
16 34.26719 31.99993 28.84535 26.29623 23.54183 19.36886 15.3385
17 35.71847 33.40866 30.19101 27.58711 24.76904 20.48868 16.33818
18 37.15645 34.80531 31.52638 28.8693 25.98942 21.60489 17.3379
19 38.58226 36.19087 32.85233 30.14353 27.20357 22.71781 18.33765
20 39.99685 37.56623 34.16961 31.41043 28.41198 23.82769 19.33743
21 41.40106 38.93217 35.47888 32.67057 29.61509 24.93478 20.33723
22 42.79565 40.28936 36.78071 33.92444 30.81328 26.03927 21.33705
23 44.18128 41.6384 38.07563 35.17246 32.0069 27.14134 22.33688
24 45.55851 42.97982 39.36408 36.41503 33.19624 28.24115 23.33673
25 46.92789 44.3141 40.64647 37.65248 34.38159 29.33885 24.33659
26 48.28988 45.64168 41.92317 38.88514 35.56317 30.43457 25.33646
27 49.64492 46.96294 43.19451 40.11327 36.74122 31.52841 26.33634
28 50.99338 48.27824 44.46079 41.33714 37.91592 32.62049 27.33623
29 52.33562 49.58788 45.72229 42.55697 39.08747 33.71091 28.33613
30 53.67196 50.89218 46.97924 43.77297 40.25602 34.79974 29.33603